    1  2.000  1.000  0
    2  1.900  1.000  0
    3  1.950  2.000  0
    4  1.900  0.600  0
    5  1.900  0.600  0
    6  1.900  0.600  0
    7  1.990  2.000  0
    8  1.990  1.500  0
    9  1.900  0.600  0
   10  1.990  1.500  0
   11  1.900  0.600  0
   12  1.990  1.500  0
   13  1.900  0.500  0
   14  2.200  3.000  0
   15  2.200  3.000  0
   16  2.000  2.000  0
   17  1.900  0.600  0
   18  1.990  2.000  0
   19  1.990  2.900  0
   20  2.200  2.000  0
   21  2.200  3.000  0
   22  1.900  0.600  0
   23  1.900  0.600  0
   24  1.900  0.600  0
   25  1.990  1.500  0
   26  2.200  2.600  0
   27  2.200  2.000  0
   28  2.200  2.600  0
   29  1.990  2.500  0
