    1    3.891   3.579   4.261   
    2   11.346   2.946   2.952   
    3    8.908   3.544   3.623
    4    4.916   3.415   4.495      
    5    4.816   3.575   4.201   
    6    4.662   3.498   4.124   
    7    6.611   3.312   3.560   
    8    9.898   3.526   3.590   
    9    3.600   3.240   3.810   
   10    9.273   3.526   3.600   
   11    3.409   3.134   3.721   
   12    5.949   3.210   3.624   
   13    5.618   3.203   3.607   
   14    7.490   4.082   4.457   
   15   13.751   3.969   4.174   
   16    8.567   3.523   3.614   
   17    8.843   3.332   3.653   
   18    9.547   3.439   3.523   
   19    4.894   3.446   3.790   
   20    2.716   3.640   4.569   
   21    2.851   3.462   4.049   
   22   11.540   3.678   3.826   
   23    6.568   3.083   3.289   
   24    5.473   3.651   4.011   
   25    4.435   3.299   4.084   
   26    7.224   3.190   4.105   
   27    3.964   3.450   4.205
   28    4.102   3.292   4.065      
   29    6.701   3.943   4.213   
   30    6.882   2.922   3.594
   31   11.240   2.949   3.458
   32   11.091   2.929   3.373
   33    7.214   3.600   3.977
   34    3.832   3.522   4.245
   35    9.545   3.489   3.869
   36    4.000   0.920   0.980
   
